[SETTINGS]
WIDTH=1.120849609375
LENGTH=2.32513761520386
